#seg	cos		energy				res					err
0		01		1.0000e+00			-1.0000e+00		0.0000e+00	0.0000e+00
0		01		1.0000e+00			1.0000e-10		0.0000e+00	0.0000e+00
0		01		1.0000e+00			1.2882e-10		0.0000e+00	0.0000e+00
0		01		1.0000e+00			1.6596e-10		0.0000e+00	0.0000e+00
0		01		1.0000e+00			2.1380e-10		0.0000e+00	0.0000e+00
0		01		1.0000e+00			2.7542e-10		0.0000e+00	0.0000e+00
0		01		1.0000e+00			3.5481e-10		0.0000e+00	0.0000e+00
0		01		1.0000e+00			4.5709e-10		8.1043e-08	8.1043e-08
0		01		1.0000e+00			5.8884e-10		0.0000e+00	0.0000e+00
0		01		1.0000e+00			7.5858e-10		0.0000e+00	0.0000e+00
0		01		1.0000e+00			9.7724e-10		5.9253e-08	3.6239e-08
0		01		1.0000e+00			1.2589e-09		1.4264e-08	1.4264e-08
0		01		1.0000e+00			1.6218e-09		1.6501e-07	1.2262e-07
0		01		1.0000e+00			2.0893e-09		5.8725e-07	2.8012e-07
0		01		1.0000e+00			2.6915e-09		2.3921e-07	9.6044e-08
0		01		1.0000e+00			3.4674e-09		3.1637e-07	9.8741e-08
0		01		1.0000e+00			4.4668e-09		6.5628e-07	1.4976e-07
0		01		1.0000e+00			5.7544e-09		9.9854e-07	1.8942e-07
0		01		1.0000e+00			7.4131e-09		1.5328e-06	2.5935e-07
0		01		1.0000e+00			9.5499e-09		2.7759e-06	4.6330e-07
0		01		1.0000e+00			1.2303e-08		4.2688e-06	5.3360e-07
0		01		1.0000e+00			1.5849e-08		4.4801e-06	6.5141e-07
0		01		1.0000e+00			2.0417e-08		8.3351e-06	9.0353e-07
0		01		1.0000e+00			2.6303e-08		7.2389e-06	5.5957e-07
0		01		1.0000e+00			3.3884e-08		1.3729e-05	1.3962e-06
0		01		1.0000e+00			4.3652e-08		1.2299e-05	8.5600e-07
0		01		1.0000e+00			5.6234e-08		1.3888e-05	1.1569e-06
0		01		1.0000e+00			7.2444e-08		1.2764e-05	8.6410e-07
0		01		1.0000e+00			9.3325e-08		1.2063e-05	8.3719e-07
0		01		1.0000e+00			1.2023e-07		1.1496e-05	9.1045e-07
0		01		1.0000e+00			1.5488e-07		1.1435e-05	9.9827e-07
0		01		1.0000e+00			1.9953e-07		1.0774e-05	7.6928e-07
0		01		1.0000e+00			2.5704e-07		1.2158e-05	9.7506e-07
0		01		1.0000e+00			3.3113e-07		1.3895e-05	1.2005e-06
0		01		1.0000e+00			4.2658e-07		1.2820e-05	9.0892e-07
0		01		1.0000e+00			5.4954e-07		1.3620e-05	9.9020e-07
0		01		1.0000e+00			7.0795e-07		1.7747e-05	1.2565e-06
0		01		1.0000e+00			9.1201e-07		1.8628e-05	1.2295e-06
0		01		1.0000e+00			1.1749e-06		1.8676e-05	9.9728e-07
0		01		1.0000e+00			1.5136e-06		2.3469e-05	1.4410e-06
0		01		1.0000e+00			1.9498e-06		2.5133e-05	1.4351e-06
0		01		1.0000e+00			2.5119e-06		2.7573e-05	1.4200e-06
0		01		1.0000e+00			3.2359e-06		3.0371e-05	1.7372e-06
0		01		1.0000e+00			4.1687e-06		3.2034e-05	1.4736e-06
0		01		1.0000e+00			5.3703e-06		4.0272e-05	1.9049e-06
0		01		1.0000e+00			6.9183e-06		4.0011e-05	1.8165e-06
0		01		1.0000e+00			8.9125e-06		4.2432e-05	1.5827e-06
0		01		1.0000e+00			1.1482e-05		5.6436e-05	2.5340e-06
0		01		1.0000e+00			1.4791e-05		5.6087e-05	2.2883e-06
0		01		1.0000e+00			1.9055e-05		6.1227e-05	2.1735e-06
0		01		1.0000e+00			2.4547e-05		6.6793e-05	2.4379e-06
0		01		1.0000e+00			3.1623e-05		7.2079e-05	2.3426e-06
0		01		1.0000e+00			4.0738e-05		8.2772e-05	2.6735e-06
0		01		1.0000e+00			5.2481e-05		8.7763e-05	2.5890e-06
0		01		1.0000e+00			6.7608e-05		9.5094e-05	2.6912e-06
0		01		1.0000e+00			8.7096e-05		1.1206e-04	3.3057e-06
0		01		1.0000e+00			1.1220e-04		1.2429e-04	3.2813e-06
0		01		1.0000e+00			1.4454e-04		1.3328e-04	3.3319e-06
0		01		1.0000e+00			1.8621e-04		1.4266e-04	3.3811e-06
0		01		1.0000e+00			2.3988e-04		1.5731e-04	3.4923e-06
0		01		1.0000e+00			3.0903e-04		1.8313e-04	3.9923e-06
0		01		1.0000e+00			3.9811e-04		1.9202e-04	4.0325e-06
0		01		1.0000e+00			5.1286e-04		2.1775e-04	4.2026e-06
0		01		1.0000e+00			6.6069e-04		2.3929e-04	4.6422e-06
0		01		1.0000e+00			8.5114e-04		2.6691e-04	4.7777e-06
0		01		1.0000e+00			1.0965e-03		2.8277e-04	4.8072e-06
0		01		1.0000e+00			1.4125e-03		3.2617e-04	5.5775e-06
0		01		1.0000e+00			1.8197e-03		3.6803e-04	5.9621e-06
0		01		1.0000e+00			2.3442e-03		4.0481e-04	6.2746e-06
0		01		1.0000e+00			3.0199e-03		4.5925e-04	7.0265e-06
0		01		1.0000e+00			3.8905e-03		5.2921e-04	7.7795e-06
0		01		1.0000e+00			5.0119e-03		5.7922e-04	8.2828e-06
0		01		1.0000e+00			6.4565e-03		6.5026e-04	9.0387e-06
0		01		1.0000e+00			8.3176e-03		7.2983e-04	9.7068e-06
0		01		1.0000e+00			1.0715e-02		7.7604e-04	8.5365e-06
0		01		1.0000e+00			1.3804e-02		8.9138e-04	9.3595e-06
0		01		1.0000e+00			1.7783e-02		9.9596e-04	9.8600e-06
0		01		1.0000e+00			2.2909e-02		1.1325e-03	1.0419e-05
0		01		1.0000e+00			2.9512e-02		1.2817e-03	1.0894e-05
0		01		1.0000e+00			3.8019e-02		1.4933e-03	1.1797e-05
0		01		1.0000e+00			4.8978e-02		1.7345e-03	1.2662e-05
0		01		1.0000e+00			6.3096e-02		2.0359e-03	1.3437e-05
0		01		1.0000e+00			8.1283e-02		2.4363e-03	1.4861e-05
0		01		1.0000e+00			1.0471e-01		2.9074e-03	1.5991e-05
0		01		1.0000e+00			1.3490e-01		3.5351e-03	1.6968e-05
0		01		1.0000e+00			1.7378e-01		4.3561e-03	1.8295e-05
0		01		1.0000e+00			2.2387e-01		5.5361e-03	1.9376e-05
0		01		1.0000e+00			2.8840e-01		7.2923e-03	1.9689e-05
0		01		1.0000e+00			3.7154e-01		8.3376e-03	2.0010e-05
0		01		1.0000e+00			4.7863e-01		1.0767e-02	2.1533e-05
0		01		1.0000e+00			6.1660e-01		2.3701e-02	2.6071e-05
0		01		1.0000e+00			7.9433e-01		1.9076e-01	5.7229e-05
0		01		1.0000e+00			1.0233e+00		0.0000e+00	0.0000e+00
0		01		1.0000e+00			1.3183e+00		0.0000e+00	0.0000e+00
0		01		1.0000e+00			1.6982e+00		0.0000e+00	0.0000e+00
0		01		1.0000e+00			2.1878e+00		0.0000e+00	0.0000e+00
0		01		1.0000e+00			2.8184e+00		0.0000e+00	0.0000e+00
0		01		1.0000e+00			3.6308e+00		0.0000e+00	0.0000e+00
0		01		1.0000e+00			4.6773e+00		0.0000e+00	0.0000e+00
0		01		1.0000e+00			6.0256e+00		0.0000e+00	0.0000e+00
0		01		1.0000e+00			7.7625e+00		0.0000e+00	0.0000e+00
1		01		1.0000e+00			-1.0000e+00		0.0000e+00	0.0000e+00
1		01		1.0000e+00			1.0000e-10		0.0000e+00	0.0000e+00
1		01		1.0000e+00			1.2882e-10		0.0000e+00	0.0000e+00
1		01		1.0000e+00			1.6596e-10		0.0000e+00	0.0000e+00
1		01		1.0000e+00			2.1380e-10		1.0610e-08	1.0610e-08
1		01		1.0000e+00			2.7542e-10		0.0000e+00	0.0000e+00
1		01		1.0000e+00			3.5481e-10		3.0005e-08	2.1346e-08
1		01		1.0000e+00			4.5709e-10		4.6797e-08	4.6797e-08
1		01		1.0000e+00			5.8884e-10		0.0000e+00	0.0000e+00
1		01		1.0000e+00			7.5858e-10		3.0035e-08	2.2592e-08
1		01		1.0000e+00			9.7724e-10		2.2505e-08	2.2505e-08
1		01		1.0000e+00			1.2589e-09		2.9830e-08	2.1188e-08
1		01		1.0000e+00			1.6218e-09		6.6851e-08	3.1614e-08
1		01		1.0000e+00			2.0893e-09		1.5586e-07	5.0794e-08
1		01		1.0000e+00			2.6915e-09		5.3747e-07	1.9865e-07
1		01		1.0000e+00			3.4674e-09		5.0299e-07	1.2479e-07
1		01		1.0000e+00			4.4668e-09		6.7908e-07	1.2291e-07
1		01		1.0000e+00			5.7544e-09		1.8575e-06	3.1094e-07
1		01		1.0000e+00			7.4131e-09		1.6294e-06	2.4539e-07
1		01		1.0000e+00			9.5499e-09		2.9006e-06	2.7324e-07
1		01		1.0000e+00			1.2303e-08		4.8163e-06	4.9367e-07
1		01		1.0000e+00			1.5849e-08		6.0659e-06	4.1855e-07
1		01		1.0000e+00			2.0417e-08		8.4456e-06	5.8106e-07
1		01		1.0000e+00			2.6303e-08		1.0547e-05	5.9908e-07
1		01		1.0000e+00			3.3884e-08		1.3854e-05	7.8830e-07
1		01		1.0000e+00			4.3652e-08		1.4746e-05	6.9158e-07
1		01		1.0000e+00			5.6234e-08		1.5129e-05	8.1698e-07
1		01		1.0000e+00			7.2444e-08		1.4894e-05	9.0111e-07
1		01		1.0000e+00			9.3325e-08		1.3531e-05	7.2794e-07
1		01		1.0000e+00			1.2023e-07		1.2217e-05	6.7563e-07
1		01		1.0000e+00			1.5488e-07		1.3651e-05	8.6412e-07
1		01		1.0000e+00			1.9953e-07		1.3138e-05	7.9487e-07
1		01		1.0000e+00			2.5704e-07		1.4069e-05	7.4707e-07
1		01		1.0000e+00			3.3113e-07		1.4333e-05	7.9836e-07
1		01		1.0000e+00			4.2658e-07		1.5759e-05	8.1788e-07
1		01		1.0000e+00			5.4954e-07		1.7285e-05	8.6423e-07
1		01		1.0000e+00			7.0795e-07		1.8350e-05	8.7896e-07
1		01		1.0000e+00			9.1201e-07		2.2083e-05	1.0335e-06
1		01		1.0000e+00			1.1749e-06		2.3719e-05	1.0792e-06
1		01		1.0000e+00			1.5136e-06		2.3467e-05	9.1051e-07
1		01		1.0000e+00			1.9498e-06		2.7301e-05	1.0675e-06
1		01		1.0000e+00			2.5119e-06		3.2074e-05	1.1835e-06
1		01		1.0000e+00			3.2359e-06		3.2068e-05	1.1160e-06
1		01		1.0000e+00			4.1687e-06		3.6900e-05	1.2325e-06
1		01		1.0000e+00			5.3703e-06		3.8333e-05	1.2190e-06
1		01		1.0000e+00			6.9183e-06		4.1353e-05	1.3068e-06
1		01		1.0000e+00			8.9125e-06		4.6854e-05	1.2979e-06
1		01		1.0000e+00			1.1482e-05		4.8931e-05	1.3554e-06
1		01		1.0000e+00			1.4791e-05		6.2174e-05	1.7533e-06
1		01		1.0000e+00			1.9055e-05		6.1431e-05	1.6156e-06
1		01		1.0000e+00			2.4547e-05		6.8183e-05	1.6569e-06
1		01		1.0000e+00			3.1623e-05		7.6137e-05	1.8197e-06
1		01		1.0000e+00			4.0738e-05		8.0909e-05	1.7962e-06
1		01		1.0000e+00			5.2481e-05		9.0397e-05	1.8622e-06
1		01		1.0000e+00			6.7608e-05		9.7893e-05	1.9579e-06
1		01		1.0000e+00			8.7096e-05		1.0907e-04	2.1597e-06
1		01		1.0000e+00			1.1220e-04		1.2277e-04	2.3450e-06
1		01		1.0000e+00			1.4454e-04		1.3353e-04	2.3768e-06
1		01		1.0000e+00			1.8621e-04		1.4209e-04	2.4155e-06
1		01		1.0000e+00			2.3988e-04		1.5524e-04	2.4994e-06
1		01		1.0000e+00			3.0903e-04		1.7410e-04	2.7333e-06
1		01		1.0000e+00			3.9811e-04		1.9142e-04	2.9096e-06
1		01		1.0000e+00			5.1286e-04		2.1675e-04	3.1429e-06
1		01		1.0000e+00			6.6069e-04		2.3026e-04	3.1545e-06
1		01		1.0000e+00			8.5114e-04		2.5476e-04	3.3629e-06
1		01		1.0000e+00			1.0965e-03		2.8511e-04	3.6779e-06
1		01		1.0000e+00			1.4125e-03		3.1182e-04	3.7731e-06
1		01		1.0000e+00			1.8197e-03		3.4503e-04	4.0714e-06
1		01		1.0000e+00			2.3442e-03		3.7823e-04	4.2740e-06
1		01		1.0000e+00			3.0199e-03		4.2311e-04	4.7389e-06
1		01		1.0000e+00			3.8905e-03		4.6243e-04	4.9017e-06
1		01		1.0000e+00			5.0119e-03		5.1893e-04	5.4488e-06
1		01		1.0000e+00			6.4565e-03		5.6525e-04	5.7655e-06
1		01		1.0000e+00			8.3176e-03		6.4486e-04	6.3197e-06
1		01		1.0000e+00			1.0715e-02		6.8774e-04	5.7082e-06
1		01		1.0000e+00			1.3804e-02		7.6244e-04	6.0995e-06
1		01		1.0000e+00			1.7783e-02		8.5292e-04	6.3116e-06
1		01		1.0000e+00			2.2909e-02		9.6650e-04	6.8621e-06
1		01		1.0000e+00			2.9512e-02		1.0751e-03	7.0956e-06
1		01		1.0000e+00			3.8019e-02		1.2318e-03	7.6372e-06
1		01		1.0000e+00			4.8978e-02		1.4176e-03	8.0801e-06
1		01		1.0000e+00			6.3096e-02		1.6363e-03	8.6723e-06
1		01		1.0000e+00			8.1283e-02		1.9345e-03	9.2858e-06
1		01		1.0000e+00			1.0471e-01		2.2914e-03	1.0082e-05
1		01		1.0000e+00			1.3490e-01		2.7571e-03	1.0753e-05
1		01		1.0000e+00			1.7378e-01		3.3526e-03	1.1399e-05
1		01		1.0000e+00			2.2387e-01		4.1975e-03	1.2173e-05
1		01		1.0000e+00			2.8840e-01		5.4602e-03	1.2558e-05
1		01		1.0000e+00			3.7154e-01		6.3314e-03	1.3296e-05
1		01		1.0000e+00			4.7863e-01		8.9698e-03	1.4352e-05
1		01		1.0000e+00			6.1660e-01		2.0109e-02	2.0109e-05
1		01		1.0000e+00			7.9433e-01		1.2433e-01	3.7300e-05
1		01		1.0000e+00			1.0233e+00		0.0000e+00	0.0000e+00
1		01		1.0000e+00			1.3183e+00		0.0000e+00	0.0000e+00
1		01		1.0000e+00			1.6982e+00		0.0000e+00	0.0000e+00
1		01		1.0000e+00			2.1878e+00		0.0000e+00	0.0000e+00
1		01		1.0000e+00			2.8184e+00		0.0000e+00	0.0000e+00
1		01		1.0000e+00			3.6308e+00		0.0000e+00	0.0000e+00
1		01		1.0000e+00			4.6773e+00		0.0000e+00	0.0000e+00
1		01		1.0000e+00			6.0256e+00		0.0000e+00	0.0000e+00
1		01		1.0000e+00			7.7625e+00		0.0000e+00	0.0000e+00
2		01		1.0000e+00			-1.0000e+00		0.0000e+00	0.0000e+00
2		01		1.0000e+00			1.0000e-10		0.0000e+00	0.0000e+00
2		01		1.0000e+00			1.2882e-10		0.0000e+00	0.0000e+00
2		01		1.0000e+00			1.6596e-10		0.0000e+00	0.0000e+00
2		01		1.0000e+00			2.1380e-10		2.3222e-08	2.3222e-08
2		01		1.0000e+00			2.7542e-10		0.0000e+00	0.0000e+00
2		01		1.0000e+00			3.5481e-10		9.5016e-09	9.5016e-09
2		01		1.0000e+00			4.5709e-10		1.4454e-08	1.4454e-08
2		01		1.0000e+00			5.8884e-10		1.0094e-07	5.9968e-08
2		01		1.0000e+00			7.5858e-10		5.1585e-08	2.3384e-08
2		01		1.0000e+00			9.7724e-10		4.5837e-08	2.7846e-08
2		01		1.0000e+00			1.2589e-09		6.6015e-08	3.0816e-08
2		01		1.0000e+00			1.6218e-09		1.1357e-07	3.3982e-08
2		01		1.0000e+00			2.0893e-09		2.1855e-07	8.1827e-08
2		01		1.0000e+00			2.6915e-09		2.1540e-07	5.4475e-08
2		01		1.0000e+00			3.4674e-09		7.0455e-07	2.0009e-07
2		01		1.0000e+00			4.4668e-09		8.6664e-07	1.1492e-07
2		01		1.0000e+00			5.7544e-09		1.2935e-06	1.9583e-07
2		01		1.0000e+00			7.4131e-09		2.1258e-06	2.5594e-07
2		01		1.0000e+00			9.5499e-09		2.7410e-06	2.2284e-07
2		01		1.0000e+00			1.2303e-08		4.1092e-06	3.3038e-07
2		01		1.0000e+00			1.5849e-08		5.8588e-06	4.2945e-07
2		01		1.0000e+00			2.0417e-08		8.4727e-06	5.3632e-07
2		01		1.0000e+00			2.6303e-08		1.0650e-05	6.0173e-07
2		01		1.0000e+00			3.3884e-08		1.3193e-05	7.0717e-07
2		01		1.0000e+00			4.3652e-08		1.5158e-05	6.7151e-07
2		01		1.0000e+00			5.6234e-08		1.5003e-05	6.3313e-07
2		01		1.0000e+00			7.2444e-08		1.4551e-05	7.1008e-07
2		01		1.0000e+00			9.3325e-08		1.2690e-05	5.7739e-07
2		01		1.0000e+00			1.2023e-07		1.3052e-05	6.6696e-07
2		01		1.0000e+00			1.5488e-07		1.2035e-05	5.6326e-07
2		01		1.0000e+00			1.9953e-07		1.1778e-05	5.3235e-07
2		01		1.0000e+00			2.5704e-07		1.2200e-05	5.7097e-07
2		01		1.0000e+00			3.3113e-07		1.3826e-05	6.6503e-07
2		01		1.0000e+00			4.2658e-07		1.3971e-05	6.3428e-07
2		01		1.0000e+00			5.4954e-07		1.6030e-05	6.9090e-07
2		01		1.0000e+00			7.0795e-07		1.6780e-05	6.5273e-07
2		01		1.0000e+00			9.1201e-07		1.8522e-05	7.0384e-07
2		01		1.0000e+00			1.1749e-06		2.1156e-05	8.0182e-07
2		01		1.0000e+00			1.5136e-06		2.2287e-05	7.9118e-07
2		01		1.0000e+00			1.9498e-06		2.4544e-05	9.1303e-07
2		01		1.0000e+00			2.5119e-06		2.6293e-05	8.1245e-07
2		01		1.0000e+00			3.2359e-06		3.0174e-05	1.0380e-06
2		01		1.0000e+00			4.1687e-06		3.2942e-05	1.0278e-06
2		01		1.0000e+00			5.3703e-06		3.5189e-05	1.0522e-06
2		01		1.0000e+00			6.9183e-06		4.0422e-05	1.1480e-06
2		01		1.0000e+00			8.9125e-06		4.1193e-05	1.0710e-06
2		01		1.0000e+00			1.1482e-05		4.7228e-05	1.2090e-06
2		01		1.0000e+00			1.4791e-05		4.9901e-05	1.2176e-06
2		01		1.0000e+00			1.9055e-05		5.4275e-05	1.2538e-06
2		01		1.0000e+00			2.4547e-05		6.0146e-05	1.3112e-06
2		01		1.0000e+00			3.1623e-05		6.5618e-05	1.4633e-06
2		01		1.0000e+00			4.0738e-05		7.0040e-05	1.4638e-06
2		01		1.0000e+00			5.2481e-05		7.7756e-05	1.5551e-06
2		01		1.0000e+00			6.7608e-05		8.3168e-05	1.5636e-06
2		01		1.0000e+00			8.7096e-05		8.9323e-05	1.5632e-06
2		01		1.0000e+00			1.1220e-04		9.8925e-05	1.6619e-06
2		01		1.0000e+00			1.4454e-04		1.0750e-04	1.7953e-06
2		01		1.0000e+00			1.8621e-04		1.2043e-04	1.9269e-06
2		01		1.0000e+00			2.3988e-04		1.2642e-04	1.8963e-06
2		01		1.0000e+00			3.0903e-04		1.3978e-04	1.9849e-06
2		01		1.0000e+00			3.9811e-04		1.5469e-04	2.1656e-06
2		01		1.0000e+00			5.1286e-04		1.6625e-04	2.1446e-06
2		01		1.0000e+00			6.6069e-04		1.8301e-04	2.2877e-06
2		01		1.0000e+00			8.5114e-04		2.0045e-04	2.4656e-06
2		01		1.0000e+00			1.0965e-03		2.1830e-04	2.5759e-06
2		01		1.0000e+00			1.4125e-03		2.3436e-04	2.6483e-06
2		01		1.0000e+00			1.8197e-03		2.6449e-04	2.8830e-06
2		01		1.0000e+00			2.3442e-03		2.8590e-04	2.9734e-06
2		01		1.0000e+00			3.0199e-03		3.1304e-04	3.1930e-06
2		01		1.0000e+00			3.8905e-03		3.3877e-04	3.3538e-06
2		01		1.0000e+00			5.0119e-03		3.8471e-04	3.6548e-06
2		01		1.0000e+00			6.4565e-03		4.2012e-04	3.9491e-06
2		01		1.0000e+00			8.3176e-03		4.6399e-04	4.1759e-06
2		01		1.0000e+00			1.0715e-02		4.9567e-04	3.9158e-06
2		01		1.0000e+00			1.3804e-02		5.5491e-04	4.2173e-06
2		01		1.0000e+00			1.7783e-02		6.0448e-04	4.3522e-06
2		01		1.0000e+00			2.2909e-02		6.7761e-04	4.6078e-06
2		01		1.0000e+00			2.9512e-02		7.6073e-04	4.8687e-06
2		01		1.0000e+00			3.8019e-02		8.7718e-04	5.2631e-06
2		01		1.0000e+00			4.8978e-02		9.9771e-04	5.5872e-06
2		01		1.0000e+00			6.3096e-02		1.1466e-03	5.8478e-06
2		01		1.0000e+00			8.1283e-02		1.3504e-03	6.3470e-06
2		01		1.0000e+00			1.0471e-01		1.5948e-03	6.6982e-06
2		01		1.0000e+00			1.3490e-01		1.8921e-03	7.1901e-06
2		01		1.0000e+00			1.7378e-01		2.2825e-03	7.5322e-06
2		01		1.0000e+00			2.2387e-01		2.8630e-03	8.0164e-06
2		01		1.0000e+00			2.8840e-01		3.6660e-03	8.4318e-06
2		01		1.0000e+00			3.7154e-01		4.2279e-03	8.8786e-06
2		01		1.0000e+00			4.7863e-01		5.9301e-03	9.4881e-06
2		01		1.0000e+00			6.1660e-01		1.2937e-02	1.2937e-05
2		01		1.0000e+00			7.9433e-01		7.7450e-02	3.0980e-05
2		01		1.0000e+00			1.0233e+00		0.0000e+00	0.0000e+00
2		01		1.0000e+00			1.3183e+00		0.0000e+00	0.0000e+00
2		01		1.0000e+00			1.6982e+00		0.0000e+00	0.0000e+00
2		01		1.0000e+00			2.1878e+00		0.0000e+00	0.0000e+00
2		01		1.0000e+00			2.8184e+00		0.0000e+00	0.0000e+00
2		01		1.0000e+00			3.6308e+00		0.0000e+00	0.0000e+00
2		01		1.0000e+00			4.6773e+00		0.0000e+00	0.0000e+00
2		01		1.0000e+00			6.0256e+00		0.0000e+00	0.0000e+00
2		01		1.0000e+00			7.7625e+00		0.0000e+00	0.0000e+00
3		01		1.0000e+00			-1.0000e+00		0.0000e+00	0.0000e+00
3		01		1.0000e+00			1.0000e-10		0.0000e+00	0.0000e+00
3		01		1.0000e+00			1.2882e-10		0.0000e+00	0.0000e+00
3		01		1.0000e+00			1.6596e-10		0.0000e+00	0.0000e+00
3		01		1.0000e+00			2.1380e-10		0.0000e+00	0.0000e+00
3		01		1.0000e+00			2.7542e-10		0.0000e+00	0.0000e+00
3		01		1.0000e+00			3.5481e-10		0.0000e+00	0.0000e+00
3		01		1.0000e+00			4.5709e-10		0.0000e+00	0.0000e+00
3		01		1.0000e+00			5.8884e-10		0.0000e+00	0.0000e+00
3		01		1.0000e+00			7.5858e-10		1.2542e-08	9.0467e-09
3		01		1.0000e+00			9.7724e-10		5.6913e-09	5.6913e-09
3		01		1.0000e+00			1.2589e-09		1.9291e-08	1.1185e-08
3		01		1.0000e+00			1.6218e-09		1.1239e-07	4.5203e-08
3		01		1.0000e+00			2.0893e-09		2.7354e-07	1.0909e-07
3		01		1.0000e+00			2.6915e-09		1.7230e-07	4.9053e-08
3		01		1.0000e+00			3.4674e-09		3.6094e-07	7.7350e-08
3		01		1.0000e+00			4.4668e-09		8.3196e-07	1.9851e-07
3		01		1.0000e+00			5.7544e-09		1.1121e-06	1.2288e-07
3		01		1.0000e+00			7.4131e-09		1.6539e-06	2.3849e-07
3		01		1.0000e+00			9.5499e-09		2.8141e-06	3.0645e-07
3		01		1.0000e+00			1.2303e-08		3.7915e-06	3.2683e-07
3		01		1.0000e+00			1.5849e-08		5.2322e-06	3.4585e-07
3		01		1.0000e+00			2.0417e-08		6.5177e-06	3.8650e-07
3		01		1.0000e+00			2.6303e-08		8.5339e-06	4.7107e-07
3		01		1.0000e+00			3.3884e-08		9.7950e-06	4.4273e-07
3		01		1.0000e+00			4.3652e-08		1.1218e-05	4.9133e-07
3		01		1.0000e+00			5.6234e-08		1.3064e-05	5.8003e-07
3		01		1.0000e+00			7.2444e-08		1.3057e-05	6.0453e-07
3		01		1.0000e+00			9.3325e-08		1.2023e-05	5.7832e-07
3		01		1.0000e+00			1.2023e-07		1.0759e-05	5.6700e-07
3		01		1.0000e+00			1.5488e-07		9.9665e-06	4.7341e-07
3		01		1.0000e+00			1.9953e-07		1.0148e-05	4.8302e-07
3		01		1.0000e+00			2.5704e-07		1.0383e-05	5.0775e-07
3		01		1.0000e+00			3.3113e-07		1.0859e-05	5.2124e-07
3		01		1.0000e+00			4.2658e-07		1.2179e-05	5.1516e-07
3		01		1.0000e+00			5.4954e-07		1.1988e-05	4.9033e-07
3		01		1.0000e+00			7.0795e-07		1.4045e-05	5.7306e-07
3		01		1.0000e+00			9.1201e-07		1.4851e-05	5.8810e-07
3		01		1.0000e+00			1.1749e-06		1.6058e-05	5.8131e-07
3		01		1.0000e+00			1.5136e-06		1.7777e-05	6.0619e-07
3		01		1.0000e+00			1.9498e-06		1.8125e-05	6.2893e-07
3		01		1.0000e+00			2.5119e-06		2.0744e-05	6.6173e-07
3		01		1.0000e+00			3.2359e-06		2.2757e-05	7.5779e-07
3		01		1.0000e+00			4.1687e-06		2.3817e-05	7.3594e-07
3		01		1.0000e+00			5.3703e-06		2.6683e-05	8.1116e-07
3		01		1.0000e+00			6.9183e-06		2.8787e-05	7.8300e-07
3		01		1.0000e+00			8.9125e-06		3.0456e-05	8.4363e-07
3		01		1.0000e+00			1.1482e-05		3.4755e-05	9.1752e-07
3		01		1.0000e+00			1.4791e-05		3.6817e-05	8.8728e-07
3		01		1.0000e+00			1.9055e-05		3.9641e-05	9.6328e-07
3		01		1.0000e+00			2.4547e-05		4.4646e-05	9.9560e-07
3		01		1.0000e+00			3.1623e-05		4.7468e-05	1.0300e-06
3		01		1.0000e+00			4.0738e-05		5.2523e-05	1.1187e-06
3		01		1.0000e+00			5.2481e-05		5.5029e-05	1.0786e-06
3		01		1.0000e+00			6.7608e-05		6.2320e-05	1.2090e-06
3		01		1.0000e+00			8.7096e-05		6.6776e-05	1.2086e-06
3		01		1.0000e+00			1.1220e-04		7.2985e-05	1.3356e-06
3		01		1.0000e+00			1.4454e-04		8.1857e-05	1.4407e-06
3		01		1.0000e+00			1.8621e-04		8.8810e-05	1.4476e-06
3		01		1.0000e+00			2.3988e-04		9.1045e-05	1.4112e-06
3		01		1.0000e+00			3.0903e-04		1.0424e-04	1.5531e-06
3		01		1.0000e+00			3.9811e-04		1.0831e-04	1.5272e-06
3		01		1.0000e+00			5.1286e-04		1.1792e-04	1.6037e-06
3		01		1.0000e+00			6.6069e-04		1.2859e-04	1.6460e-06
3		01		1.0000e+00			8.5114e-04		1.4288e-04	1.8289e-06
3		01		1.0000e+00			1.0965e-03		1.5215e-04	1.8715e-06
3		01		1.0000e+00			1.4125e-03		1.6731e-04	2.0245e-06
3		01		1.0000e+00			1.8197e-03		1.7967e-04	2.0482e-06
3		01		1.0000e+00			2.3442e-03		1.9515e-04	2.1272e-06
3		01		1.0000e+00			3.0199e-03		2.1282e-04	2.1920e-06
3		01		1.0000e+00			3.8905e-03		2.3333e-04	2.4266e-06
3		01		1.0000e+00			5.0119e-03		2.5515e-04	2.5515e-06
3		01		1.0000e+00			6.4565e-03		2.8105e-04	2.7543e-06
3		01		1.0000e+00			8.3176e-03		3.0859e-04	2.8699e-06
3		01		1.0000e+00			1.0715e-02		3.3421e-04	2.8074e-06
3		01		1.0000e+00			1.3804e-02		3.6885e-04	2.9508e-06
3		01		1.0000e+00			1.7783e-02		4.0735e-04	3.0959e-06
3		01		1.0000e+00			2.2909e-02		4.4744e-04	3.2216e-06
3		01		1.0000e+00			2.9512e-02		5.0900e-04	3.4612e-06
3		01		1.0000e+00			3.8019e-02		5.8063e-04	3.7160e-06
3		01		1.0000e+00			4.8978e-02		6.5703e-04	3.8765e-06
3		01		1.0000e+00			6.3096e-02		7.5356e-04	4.1446e-06
3		01		1.0000e+00			8.1283e-02		8.7719e-04	4.3860e-06
3		01		1.0000e+00			1.0471e-01		1.0263e-03	4.6183e-06
3		01		1.0000e+00			1.3490e-01		1.2247e-03	4.8990e-06
3		01		1.0000e+00			1.7378e-01		1.4756e-03	5.1646e-06
3		01		1.0000e+00			2.2387e-01		1.8263e-03	5.4788e-06
3		01		1.0000e+00			2.8840e-01		2.3573e-03	5.8934e-06
3		01		1.0000e+00			3.7154e-01		2.7042e-03	5.9492e-06
3		01		1.0000e+00			4.7863e-01		3.7638e-03	6.7747e-06
3		01		1.0000e+00			6.1660e-01		7.9627e-03	9.5553e-06
3		01		1.0000e+00			7.9433e-01		4.6695e-02	2.3348e-05
3		01		1.0000e+00			1.0233e+00		0.0000e+00	0.0000e+00
3		01		1.0000e+00			1.3183e+00		0.0000e+00	0.0000e+00
3		01		1.0000e+00			1.6982e+00		0.0000e+00	0.0000e+00
3		01		1.0000e+00			2.1878e+00		0.0000e+00	0.0000e+00
3		01		1.0000e+00			2.8184e+00		0.0000e+00	0.0000e+00
3		01		1.0000e+00			3.6308e+00		0.0000e+00	0.0000e+00
3		01		1.0000e+00			4.6773e+00		0.0000e+00	0.0000e+00
3		01		1.0000e+00			6.0256e+00		0.0000e+00	0.0000e+00
3		01		1.0000e+00			7.7625e+00		0.0000e+00	0.0000e+00
4		01		1.0000e+00			-1.0000e+00		0.0000e+00	0.0000e+00
4		01		1.0000e+00			1.0000e-10		0.0000e+00	0.0000e+00
4		01		1.0000e+00			1.2882e-10		0.0000e+00	0.0000e+00
4		01		1.0000e+00			1.6596e-10		0.0000e+00	0.0000e+00
4		01		1.0000e+00			2.1380e-10		0.0000e+00	0.0000e+00
4		01		1.0000e+00			2.7542e-10		0.0000e+00	0.0000e+00
4		01		1.0000e+00			3.5481e-10		2.3964e-08	1.9526e-08
4		01		1.0000e+00			4.5709e-10		1.7446e-08	1.2685e-08
4		01		1.0000e+00			5.8884e-10		6.3655e-09	6.3655e-09
4		01		1.0000e+00			7.5858e-10		7.1186e-08	4.3744e-08
4		01		1.0000e+00			9.7724e-10		0.0000e+00	0.0000e+00
4		01		1.0000e+00			1.2589e-09		5.9387e-08	3.0109e-08
4		01		1.0000e+00			1.6218e-09		1.1134e-07	3.0896e-08
4		01		1.0000e+00			2.0893e-09		2.0515e-07	9.0941e-08
4		01		1.0000e+00			2.6915e-09		1.6565e-07	3.7105e-08
4		01		1.0000e+00			3.4674e-09		4.3130e-07	7.9660e-08
4		01		1.0000e+00			4.4668e-09		5.8341e-07	1.2386e-07
4		01		1.0000e+00			5.7544e-09		7.7095e-07	1.0115e-07
4		01		1.0000e+00			7.4131e-09		1.2522e-06	1.4851e-07
4		01		1.0000e+00			9.5499e-09		1.9968e-06	1.5016e-07
4		01		1.0000e+00			1.2303e-08		3.1493e-06	3.2217e-07
4		01		1.0000e+00			1.5849e-08		3.8775e-06	2.7143e-07
4		01		1.0000e+00			2.0417e-08		4.6853e-06	2.7503e-07
4		01		1.0000e+00			2.6303e-08		6.3484e-06	3.3964e-07
4		01		1.0000e+00			3.3884e-08		7.9759e-06	3.7567e-07
4		01		1.0000e+00			4.3652e-08		8.9666e-06	4.7344e-07
4		01		1.0000e+00			5.6234e-08		1.0389e-05	4.6960e-07
4		01		1.0000e+00			7.2444e-08		8.3524e-06	3.6500e-07
4		01		1.0000e+00			9.3325e-08		8.3760e-06	4.0540e-07
4		01		1.0000e+00			1.2023e-07		8.0922e-06	4.2484e-07
4		01		1.0000e+00			1.5488e-07		6.9628e-06	3.6694e-07
4		01		1.0000e+00			1.9953e-07		7.4823e-06	3.9656e-07
4		01		1.0000e+00			2.5704e-07		7.0890e-06	3.4027e-07
4		01		1.0000e+00			3.3113e-07		7.7001e-06	3.2186e-07
4		01		1.0000e+00			4.2658e-07		8.5849e-06	3.8460e-07
4		01		1.0000e+00			5.4954e-07		8.5281e-06	3.4283e-07
4		01		1.0000e+00			7.0795e-07		9.8980e-06	4.0285e-07
4		01		1.0000e+00			9.1201e-07		9.8499e-06	3.8414e-07
4		01		1.0000e+00			1.1749e-06		1.1463e-05	4.4820e-07
4		01		1.0000e+00			1.5136e-06		1.2521e-05	4.7456e-07
4		01		1.0000e+00			1.9498e-06		1.2696e-05	4.6212e-07
4		01		1.0000e+00			2.5119e-06		1.5553e-05	5.5059e-07
4		01		1.0000e+00			3.2359e-06		1.5252e-05	5.1858e-07
4		01		1.0000e+00			4.1687e-06		1.8008e-05	5.7987e-07
4		01		1.0000e+00			5.3703e-06		1.9203e-05	6.1448e-07
4		01		1.0000e+00			6.9183e-06		2.0271e-05	5.9393e-07
4		01		1.0000e+00			8.9125e-06		2.3399e-05	6.9261e-07
4		01		1.0000e+00			1.1482e-05		2.2939e-05	6.1934e-07
4		01		1.0000e+00			1.4791e-05		2.5581e-05	6.4975e-07
4		01		1.0000e+00			1.9055e-05		2.7458e-05	6.8645e-07
4		01		1.0000e+00			2.4547e-05		3.1483e-05	7.4929e-07
4		01		1.0000e+00			3.1623e-05		3.2970e-05	7.8139e-07
4		01		1.0000e+00			4.0738e-05		3.6754e-05	8.3431e-07
4		01		1.0000e+00			5.2481e-05		4.0216e-05	8.5258e-07
4		01		1.0000e+00			6.7608e-05		4.2183e-05	8.9429e-07
4		01		1.0000e+00			8.7096e-05		4.4890e-05	8.9780e-07
4		01		1.0000e+00			1.1220e-04		4.9248e-05	9.6034e-07
4		01		1.0000e+00			1.4454e-04		5.3064e-05	9.9761e-07
4		01		1.0000e+00			1.8621e-04		5.6270e-05	9.7910e-07
4		01		1.0000e+00			2.3988e-04		6.1363e-05	1.0432e-06
4		01		1.0000e+00			3.0903e-04		6.8669e-05	1.1330e-06
4		01		1.0000e+00			3.9811e-04		7.2738e-05	1.1493e-06
4		01		1.0000e+00			5.1286e-04		7.7964e-05	1.1461e-06
4		01		1.0000e+00			6.6069e-04		8.4323e-05	1.2227e-06
4		01		1.0000e+00			8.5114e-04		9.4276e-05	1.3481e-06
4		01		1.0000e+00			1.0965e-03		9.9411e-05	1.3122e-06
4		01		1.0000e+00			1.4125e-03		1.0719e-04	1.3613e-06
4		01		1.0000e+00			1.8197e-03		1.1882e-04	1.4853e-06
4		01		1.0000e+00			2.3442e-03		1.2969e-04	1.6082e-06
4		01		1.0000e+00			3.0199e-03		1.4092e-04	1.6910e-06
4		01		1.0000e+00			3.8905e-03		1.5007e-04	1.7108e-06
4		01		1.0000e+00			5.0119e-03		1.6332e-04	1.8455e-06
4		01		1.0000e+00			6.4565e-03		1.8139e-04	1.9772e-06
4		01		1.0000e+00			8.3176e-03		1.9863e-04	2.0657e-06
4		01		1.0000e+00			1.0715e-02		2.1484e-04	2.0624e-06
4		01		1.0000e+00			1.3804e-02		2.3441e-04	2.1097e-06
4		01		1.0000e+00			1.7783e-02		2.5849e-04	2.1972e-06
4		01		1.0000e+00			2.2909e-02		2.8944e-04	2.3155e-06
4		01		1.0000e+00			2.9512e-02		3.2310e-04	2.4878e-06
4		01		1.0000e+00			3.8019e-02		3.6372e-04	2.6188e-06
4		01		1.0000e+00			4.8978e-02		4.1426e-04	2.7756e-06
4		01		1.0000e+00			6.3096e-02		4.7365e-04	2.9366e-06
4		01		1.0000e+00			8.1283e-02		5.4834e-04	3.0707e-06
4		01		1.0000e+00			1.0471e-01		6.4453e-04	3.2871e-06
4		01		1.0000e+00			1.3490e-01		7.6762e-04	3.4543e-06
4		01		1.0000e+00			1.7378e-01		9.3047e-04	3.7219e-06
4		01		1.0000e+00			2.2387e-01		1.1410e-03	3.8795e-06
4		01		1.0000e+00			2.8840e-01		1.4654e-03	4.1030e-06
4		01		1.0000e+00			3.7154e-01		1.6707e-03	4.1768e-06
4		01		1.0000e+00			4.7863e-01		2.3462e-03	4.6923e-06
4		01		1.0000e+00			6.1660e-01		4.8243e-03	6.7540e-06
4		01		1.0000e+00			7.9433e-01		2.7674e-02	1.6604e-05
4		01		1.0000e+00			1.0233e+00		0.0000e+00	0.0000e+00
4		01		1.0000e+00			1.3183e+00		0.0000e+00	0.0000e+00
4		01		1.0000e+00			1.6982e+00		0.0000e+00	0.0000e+00
4		01		1.0000e+00			2.1878e+00		0.0000e+00	0.0000e+00
4		01		1.0000e+00			2.8184e+00		0.0000e+00	0.0000e+00
4		01		1.0000e+00			3.6308e+00		0.0000e+00	0.0000e+00
4		01		1.0000e+00			4.6773e+00		0.0000e+00	0.0000e+00
4		01		1.0000e+00			6.0256e+00		0.0000e+00	0.0000e+00
4		01		1.0000e+00			7.7625e+00		0.0000e+00	0.0000e+00
5		01		1.0000e+00			-1.0000e+00		0.0000e+00	0.0000e+00
5		01		1.0000e+00			1.0000e-10		0.0000e+00	0.0000e+00
5		01		1.0000e+00			1.2882e-10		0.0000e+00	0.0000e+00
5		01		1.0000e+00			1.6596e-10		0.0000e+00	0.0000e+00
5		01		1.0000e+00			2.1380e-10		0.0000e+00	0.0000e+00
5		01		1.0000e+00			2.7542e-10		0.0000e+00	0.0000e+00
5		01		1.0000e+00			3.5481e-10		0.0000e+00	0.0000e+00
5		01		1.0000e+00			4.5709e-10		0.0000e+00	0.0000e+00
5		01		1.0000e+00			5.8884e-10		0.0000e+00	0.0000e+00
5		01		1.0000e+00			7.5858e-10		9.1568e-09	6.6002e-09
5		01		1.0000e+00			9.7724e-10		6.8562e-08	3.2080e-08
5		01		1.0000e+00			1.2589e-09		5.5509e-08	2.2048e-08
5		01		1.0000e+00			1.6218e-09		5.8898e-08	2.5750e-08
5		01		1.0000e+00			2.0893e-09		1.2642e-07	3.0441e-08
5		01		1.0000e+00			2.6915e-09		2.1504e-07	4.8792e-08
5		01		1.0000e+00			3.4674e-09		2.4112e-07	5.2999e-08
5		01		1.0000e+00			4.4668e-09		2.7178e-07	4.7371e-08
5		01		1.0000e+00			5.7544e-09		5.3731e-07	7.2322e-08
5		01		1.0000e+00			7.4131e-09		8.6643e-07	1.0934e-07
5		01		1.0000e+00			9.5499e-09		1.4776e-06	1.7494e-07
5		01		1.0000e+00			1.2303e-08		1.9194e-06	1.8753e-07
5		01		1.0000e+00			1.5849e-08		2.7993e-06	2.0855e-07
5		01		1.0000e+00			2.0417e-08		3.3106e-06	1.8506e-07
5		01		1.0000e+00			2.6303e-08		5.2141e-06	3.4413e-07
5		01		1.0000e+00			3.3884e-08		5.6078e-06	3.1572e-07
5		01		1.0000e+00			4.3652e-08		6.3524e-06	3.3985e-07
5		01		1.0000e+00			5.6234e-08		6.5062e-06	3.1946e-07
5		01		1.0000e+00			7.2444e-08		6.4426e-06	3.2986e-07
5		01		1.0000e+00			9.3325e-08		5.8845e-06	2.9658e-07
5		01		1.0000e+00			1.2023e-07		5.2502e-06	2.7353e-07
5		01		1.0000e+00			1.5488e-07		5.4465e-06	3.1753e-07
5		01		1.0000e+00			1.9953e-07		4.7836e-06	2.8079e-07
5		01		1.0000e+00			2.5704e-07		5.2555e-06	3.0850e-07
5		01		1.0000e+00			3.3113e-07		5.9765e-06	3.2751e-07
5		01		1.0000e+00			4.2658e-07		5.6149e-06	2.6783e-07
5		01		1.0000e+00			5.4954e-07		7.1884e-06	3.7020e-07
5		01		1.0000e+00			7.0795e-07		6.7616e-06	3.0292e-07
5		01		1.0000e+00			9.1201e-07		7.1063e-06	3.2334e-07
5		01		1.0000e+00			1.1749e-06		7.4043e-06	3.0950e-07
5		01		1.0000e+00			1.5136e-06		8.4267e-06	3.6488e-07
5		01		1.0000e+00			1.9498e-06		9.2014e-06	3.7081e-07
5		01		1.0000e+00			2.5119e-06		1.0130e-05	4.0721e-07
5		01		1.0000e+00			3.2359e-06		1.0604e-05	4.2099e-07
5		01		1.0000e+00			4.1687e-06		1.2325e-05	4.4491e-07
5		01		1.0000e+00			5.3703e-06		1.2332e-05	4.1312e-07
5		01		1.0000e+00			6.9183e-06		1.2503e-05	3.9009e-07
5		01		1.0000e+00			8.9125e-06		1.4738e-05	4.9962e-07
5		01		1.0000e+00			1.1482e-05		1.6052e-05	4.8798e-07
5		01		1.0000e+00			1.4791e-05		1.6555e-05	4.9500e-07
5		01		1.0000e+00			1.9055e-05		1.8906e-05	5.3883e-07
5		01		1.0000e+00			2.4547e-05		2.0340e-05	5.8173e-07
5		01		1.0000e+00			3.1623e-05		2.1827e-05	5.7187e-07
5		01		1.0000e+00			4.0738e-05		2.4233e-05	6.0099e-07
5		01		1.0000e+00			5.2481e-05		2.4912e-05	5.9540e-07
5		01		1.0000e+00			6.7608e-05		2.6844e-05	5.9324e-07
5		01		1.0000e+00			8.7096e-05		2.9735e-05	6.9877e-07
5		01		1.0000e+00			1.1220e-04		3.1655e-05	6.8374e-07
5		01		1.0000e+00			1.4454e-04		3.3563e-05	6.8804e-07
5		01		1.0000e+00			1.8621e-04		3.5450e-05	6.7710e-07
5		01		1.0000e+00			2.3988e-04		4.1856e-05	8.6223e-07
5		01		1.0000e+00			3.0903e-04		4.3055e-05	8.2235e-07
5		01		1.0000e+00			3.9811e-04		4.6311e-05	8.4285e-07
5		01		1.0000e+00			5.1286e-04		4.9490e-05	8.2153e-07
5		01		1.0000e+00			6.6069e-04		5.4594e-05	9.3902e-07
5		01		1.0000e+00			8.5114e-04		5.7378e-05	9.0657e-07
5		01		1.0000e+00			1.0965e-03		6.2159e-05	9.6346e-07
5		01		1.0000e+00			1.4125e-03		6.8776e-05	1.0316e-06
5		01		1.0000e+00			1.8197e-03		7.4021e-05	1.0881e-06
5		01		1.0000e+00			2.3442e-03		8.0486e-05	1.1188e-06
5		01		1.0000e+00			3.0199e-03		8.6397e-05	1.1750e-06
5		01		1.0000e+00			3.8905e-03		9.3136e-05	1.2014e-06
5		01		1.0000e+00			5.0119e-03		1.0336e-04	1.3127e-06
5		01		1.0000e+00			6.4565e-03		1.1276e-04	1.4208e-06
5		01		1.0000e+00			8.3176e-03		1.2323e-04	1.5280e-06
5		01		1.0000e+00			1.0715e-02		1.2841e-04	1.3996e-06
5		01		1.0000e+00			1.3804e-02		1.4534e-04	1.5406e-06
5		01		1.0000e+00			1.7783e-02		1.5972e-04	1.5972e-06
5		01		1.0000e+00			2.2909e-02		1.7875e-04	1.7160e-06
5		01		1.0000e+00			2.9512e-02		1.9919e-04	1.7728e-06
5		01		1.0000e+00			3.8019e-02		2.2013e-04	1.8491e-06
5		01		1.0000e+00			4.8978e-02		2.4988e-04	1.9241e-06
5		01		1.0000e+00			6.3096e-02		2.9014e-04	2.0600e-06
5		01		1.0000e+00			8.1283e-02		3.3589e-04	2.1833e-06
5		01		1.0000e+00			1.0471e-01		3.9033e-04	2.3029e-06
5		01		1.0000e+00			1.3490e-01		4.6793e-04	2.4801e-06
5		01		1.0000e+00			1.7378e-01		5.6361e-04	2.5926e-06
5		01		1.0000e+00			2.2387e-01		6.9467e-04	2.7787e-06
5		01		1.0000e+00			2.8840e-01		8.9665e-04	2.9590e-06
5		01		1.0000e+00			3.7154e-01		1.0166e-03	3.0498e-06
5		01		1.0000e+00			4.7863e-01		1.4311e-03	3.2916e-06
5		01		1.0000e+00			6.1660e-01		2.9025e-03	4.6440e-06
5		01		1.0000e+00			7.9433e-01		1.6252e-02	1.3002e-05
5		01		1.0000e+00			1.0233e+00		0.0000e+00	0.0000e+00
5		01		1.0000e+00			1.3183e+00		0.0000e+00	0.0000e+00
5		01		1.0000e+00			1.6982e+00		0.0000e+00	0.0000e+00
5		01		1.0000e+00			2.1878e+00		0.0000e+00	0.0000e+00
5		01		1.0000e+00			2.8184e+00		0.0000e+00	0.0000e+00
5		01		1.0000e+00			3.6308e+00		0.0000e+00	0.0000e+00
5		01		1.0000e+00			4.6773e+00		0.0000e+00	0.0000e+00
5		01		1.0000e+00			6.0256e+00		0.0000e+00	0.0000e+00
5		01		1.0000e+00			7.7625e+00		0.0000e+00	0.0000e+00
6		01		1.0000e+00			-1.0000e+00		0.0000e+00	0.0000e+00
6		01		1.0000e+00			1.0000e-10		0.0000e+00	0.0000e+00
6		01		1.0000e+00			1.2882e-10		0.0000e+00	0.0000e+00
6		01		1.0000e+00			1.6596e-10		0.0000e+00	0.0000e+00
6		01		1.0000e+00			2.1380e-10		0.0000e+00	0.0000e+00
6		01		1.0000e+00			2.7542e-10		0.0000e+00	0.0000e+00
6		01		1.0000e+00			3.5481e-10		3.9453e-09	3.9453e-09
6		01		1.0000e+00			4.5709e-10		3.5675e-09	3.5675e-09
6		01		1.0000e+00			5.8884e-10		1.7065e-08	1.4164e-08
6		01		1.0000e+00			7.5858e-10		1.0474e-08	7.4543e-09
6		01		1.0000e+00			9.7724e-10		0.0000e+00	0.0000e+00
6		01		1.0000e+00			1.2589e-09		2.3719e-08	1.3866e-08
6		01		1.0000e+00			1.6218e-09		2.9648e-08	1.8580e-08
6		01		1.0000e+00			2.0893e-09		4.8382e-08	1.7504e-08
6		01		1.0000e+00			2.6915e-09		1.3690e-07	3.1159e-08
6		01		1.0000e+00			3.4674e-09		1.7680e-07	7.6765e-08
6		01		1.0000e+00			4.4668e-09		1.9727e-07	3.4760e-08
6		01		1.0000e+00			5.7544e-09		3.2741e-07	5.2418e-08
6		01		1.0000e+00			7.4131e-09		7.8518e-07	1.4392e-07
6		01		1.0000e+00			9.5499e-09		9.3279e-07	1.1707e-07
6		01		1.0000e+00			1.2303e-08		1.2864e-06	1.3881e-07
6		01		1.0000e+00			1.5849e-08		1.5185e-06	1.1859e-07
6		01		1.0000e+00			2.0417e-08		2.6074e-06	2.1511e-07
6		01		1.0000e+00			2.6303e-08		3.2153e-06	2.1960e-07
6		01		1.0000e+00			3.3884e-08		3.5152e-06	2.1935e-07
6		01		1.0000e+00			4.3652e-08		4.0249e-06	2.5558e-07
6		01		1.0000e+00			5.6234e-08		4.4366e-06	2.3958e-07
6		01		1.0000e+00			7.2444e-08		4.6988e-06	2.7676e-07
6		01		1.0000e+00			9.3325e-08		4.0158e-06	2.3573e-07
6		01		1.0000e+00			1.2023e-07		3.3921e-06	1.9742e-07
6		01		1.0000e+00			1.5488e-07		3.5695e-06	2.1381e-07
6		01		1.0000e+00			1.9953e-07		3.1761e-06	2.0359e-07
6		01		1.0000e+00			2.5704e-07		3.4718e-06	2.3921e-07
6		01		1.0000e+00			3.3113e-07		3.3941e-06	2.0365e-07
6		01		1.0000e+00			4.2658e-07		3.7269e-06	2.4784e-07
6		01		1.0000e+00			5.4954e-07		4.0578e-06	2.1466e-07
6		01		1.0000e+00			7.0795e-07		4.4191e-06	2.6028e-07
6		01		1.0000e+00			9.1201e-07		4.4532e-06	2.1687e-07
6		01		1.0000e+00			1.1749e-06		4.6864e-06	2.4182e-07
6		01		1.0000e+00			1.5136e-06		5.1626e-06	2.4626e-07
6		01		1.0000e+00			1.9498e-06		5.8211e-06	2.7650e-07
6		01		1.0000e+00			2.5119e-06		6.2145e-06	2.6660e-07
6		01		1.0000e+00			3.2359e-06		6.4021e-06	2.5609e-07
6		01		1.0000e+00			4.1687e-06		7.0725e-06	2.9068e-07
6		01		1.0000e+00			5.3703e-06		8.1289e-06	3.4141e-07
6		01		1.0000e+00			6.9183e-06		9.3642e-06	3.9704e-07
6		01		1.0000e+00			8.9125e-06		8.7823e-06	3.2670e-07
6		01		1.0000e+00			1.1482e-05		9.3771e-06	3.1507e-07
6		01		1.0000e+00			1.4791e-05		1.0569e-05	3.4985e-07
6		01		1.0000e+00			1.9055e-05		1.1423e-05	3.7125e-07
6		01		1.0000e+00			2.4547e-05		1.3183e-05	4.2977e-07
6		01		1.0000e+00			3.1623e-05		1.3428e-05	4.1896e-07
6		01		1.0000e+00			4.0738e-05		1.4996e-05	4.7087e-07
6		01		1.0000e+00			5.2481e-05		1.5174e-05	4.4004e-07
6		01		1.0000e+00			6.7608e-05		1.7412e-05	4.8926e-07
6		01		1.0000e+00			8.7096e-05		1.8028e-05	4.8495e-07
6		01		1.0000e+00			1.1220e-04		1.9889e-05	5.0915e-07
6		01		1.0000e+00			1.4454e-04		2.1154e-05	5.2672e-07
6		01		1.0000e+00			1.8621e-04		2.2244e-05	5.3164e-07
6		01		1.0000e+00			2.3988e-04		2.5555e-05	5.9287e-07
6		01		1.0000e+00			3.0903e-04		2.6799e-05	5.7617e-07
6		01		1.0000e+00			3.9811e-04		2.8673e-05	6.0214e-07
6		01		1.0000e+00			5.1286e-04		3.0801e-05	6.2219e-07
6		01		1.0000e+00			6.6069e-04		3.4290e-05	6.8238e-07
6		01		1.0000e+00			8.5114e-04		3.5719e-05	6.6795e-07
6		01		1.0000e+00			1.0965e-03		3.8743e-05	7.0124e-07
6		01		1.0000e+00			1.4125e-03		4.3687e-05	7.6889e-07
6		01		1.0000e+00			1.8197e-03		4.5612e-05	7.7997e-07
6		01		1.0000e+00			2.3442e-03		4.8863e-05	7.9646e-07
6		01		1.0000e+00			3.0199e-03		5.3936e-05	8.5759e-07
6		01		1.0000e+00			3.8905e-03		5.6892e-05	8.9321e-07
6		01		1.0000e+00			5.0119e-03		6.1626e-05	9.5521e-07
6		01		1.0000e+00			6.4565e-03		6.8368e-05	1.0255e-06
6		01		1.0000e+00			8.3176e-03		7.3226e-05	1.0178e-06
6		01		1.0000e+00			1.0715e-02		7.9897e-05	1.0467e-06
6		01		1.0000e+00			1.3804e-02		8.8261e-05	1.1121e-06
6		01		1.0000e+00			1.7783e-02		9.6760e-05	1.1321e-06
6		01		1.0000e+00			2.2909e-02		1.0385e-04	1.1320e-06
6		01		1.0000e+00			2.9512e-02		1.2086e-04	1.2690e-06
6		01		1.0000e+00			3.8019e-02		1.3297e-04	1.3297e-06
6		01		1.0000e+00			4.8978e-02		1.5388e-04	1.4311e-06
6		01		1.0000e+00			6.3096e-02		1.7479e-04	1.5032e-06
6		01		1.0000e+00			8.1283e-02		1.9878e-04	1.5505e-06
6		01		1.0000e+00			1.0471e-01		2.3686e-04	1.6817e-06
6		01		1.0000e+00			1.3490e-01		2.7970e-04	1.7621e-06
6		01		1.0000e+00			1.7378e-01		3.3677e-04	1.8522e-06
6		01		1.0000e+00			2.2387e-01		4.1826e-04	1.9658e-06
6		01		1.0000e+00			2.8840e-01		5.3505e-04	2.0867e-06
6		01		1.0000e+00			3.7154e-01		6.0582e-04	2.1810e-06
6		01		1.0000e+00			4.7863e-01		8.6371e-04	2.4184e-06
6		01		1.0000e+00			6.1660e-01		1.7264e-03	3.2801e-06
6		01		1.0000e+00			7.9433e-01		9.4886e-03	8.5397e-06
6		01		1.0000e+00			1.0233e+00		0.0000e+00	0.0000e+00
6		01		1.0000e+00			1.3183e+00		0.0000e+00	0.0000e+00
6		01		1.0000e+00			1.6982e+00		0.0000e+00	0.0000e+00
6		01		1.0000e+00			2.1878e+00		0.0000e+00	0.0000e+00
6		01		1.0000e+00			2.8184e+00		0.0000e+00	0.0000e+00
6		01		1.0000e+00			3.6308e+00		0.0000e+00	0.0000e+00
6		01		1.0000e+00			4.6773e+00		0.0000e+00	0.0000e+00
6		01		1.0000e+00			6.0256e+00		0.0000e+00	0.0000e+00
6		01		1.0000e+00			7.7625e+00		0.0000e+00	0.0000e+00
7		01		1.0000e+00			-1.0000e+00		0.0000e+00	0.0000e+00
7		01		1.0000e+00			1.0000e-10		0.0000e+00	0.0000e+00
7		01		1.0000e+00			1.2882e-10		0.0000e+00	0.0000e+00
7		01		1.0000e+00			1.6596e-10		0.0000e+00	0.0000e+00
7		01		1.0000e+00			2.1380e-10		0.0000e+00	0.0000e+00
7		01		1.0000e+00			2.7542e-10		0.0000e+00	0.0000e+00
7		01		1.0000e+00			3.5481e-10		4.9623e-09	4.9623e-09
7		01		1.0000e+00			4.5709e-10		3.8818e-09	3.8818e-09
7		01		1.0000e+00			5.8884e-10		0.0000e+00	0.0000e+00
7		01		1.0000e+00			7.5858e-10		0.0000e+00	0.0000e+00
7		01		1.0000e+00			9.7724e-10		8.2475e-09	8.2475e-09
7		01		1.0000e+00			1.2589e-09		1.4566e-08	1.0349e-08
7		01		1.0000e+00			1.6218e-09		1.3718e-08	8.0484e-09
7		01		1.0000e+00			2.0893e-09		2.1064e-08	9.5653e-09
7		01		1.0000e+00			2.6915e-09		8.8757e-08	2.9920e-08
7		01		1.0000e+00			3.4674e-09		7.3962e-08	2.0850e-08
7		01		1.0000e+00			4.4668e-09		1.0086e-07	2.4369e-08
7		01		1.0000e+00			5.7544e-09		1.7628e-07	3.6896e-08
7		01		1.0000e+00			7.4131e-09		2.1384e-07	3.6780e-08
7		01		1.0000e+00			9.5499e-09		4.5221e-07	5.6165e-08
7		01		1.0000e+00			1.2303e-08		7.1475e-07	7.3190e-08
7		01		1.0000e+00			1.5849e-08		1.1887e-06	1.3848e-07
7		01		1.0000e+00			2.0417e-08		1.6196e-06	1.5451e-07
7		01		1.0000e+00			2.6303e-08		2.1004e-06	1.7979e-07
7		01		1.0000e+00			3.3884e-08		2.2113e-06	1.6364e-07
7		01		1.0000e+00			4.3652e-08		2.5176e-06	1.6793e-07
7		01		1.0000e+00			5.6234e-08		2.7200e-06	1.8958e-07
7		01		1.0000e+00			7.2444e-08		3.0530e-06	1.9814e-07
7		01		1.0000e+00			9.3325e-08		2.5451e-06	1.7816e-07
7		01		1.0000e+00			1.2023e-07		2.1697e-06	1.4429e-07
7		01		1.0000e+00			1.5488e-07		1.9183e-06	1.4522e-07
7		01		1.0000e+00			1.9953e-07		1.8737e-06	1.3566e-07
7		01		1.0000e+00			2.5704e-07		2.0177e-06	1.3680e-07
7		01		1.0000e+00			3.3113e-07		1.9430e-06	1.2221e-07
7		01		1.0000e+00			4.2658e-07		2.2745e-06	1.5421e-07
7		01		1.0000e+00			5.4954e-07		2.0204e-06	1.1981e-07
7		01		1.0000e+00			7.0795e-07		2.7526e-06	1.7011e-07
7		01		1.0000e+00			9.1201e-07		3.0838e-06	2.1525e-07
7		01		1.0000e+00			1.1749e-06		3.1863e-06	1.9341e-07
7		01		1.0000e+00			1.5136e-06		3.4815e-06	2.0645e-07
7		01		1.0000e+00			1.9498e-06		3.7102e-06	2.0443e-07
7		01		1.0000e+00			2.5119e-06		3.9909e-06	2.3107e-07
7		01		1.0000e+00			3.2359e-06		4.2262e-06	2.1849e-07
7		01		1.0000e+00			4.1687e-06		4.1653e-06	1.9702e-07
7		01		1.0000e+00			5.3703e-06		5.0113e-06	2.2351e-07
7		01		1.0000e+00			6.9183e-06		5.2789e-06	2.6606e-07
7		01		1.0000e+00			8.9125e-06		5.6984e-06	2.5472e-07
7		01		1.0000e+00			1.1482e-05		6.4257e-06	2.8209e-07
7		01		1.0000e+00			1.4791e-05		6.4837e-06	2.5027e-07
7		01		1.0000e+00			1.9055e-05		7.0827e-06	2.7977e-07
7		01		1.0000e+00			2.4547e-05		7.3857e-06	2.7844e-07
7		01		1.0000e+00			3.1623e-05		8.1091e-06	2.7166e-07
7		01		1.0000e+00			4.0738e-05		8.7438e-06	3.2090e-07
7		01		1.0000e+00			5.2481e-05		9.6560e-06	3.3410e-07
7		01		1.0000e+00			6.7608e-05		1.0697e-05	3.6155e-07
7		01		1.0000e+00			8.7096e-05		1.1432e-05	3.4754e-07
7		01		1.0000e+00			1.1220e-04		1.2775e-05	3.7685e-07
7		01		1.0000e+00			1.4454e-04		1.3568e-05	3.8396e-07
7		01		1.0000e+00			1.8621e-04		1.4229e-05	3.9131e-07
7		01		1.0000e+00			2.3988e-04		1.5016e-05	3.9341e-07
7		01		1.0000e+00			3.0903e-04		1.7273e-05	4.6292e-07
7		01		1.0000e+00			3.9811e-04		1.7716e-05	4.6239e-07
7		01		1.0000e+00			5.1286e-04		1.8351e-05	4.3860e-07
7		01		1.0000e+00			6.6069e-04		2.0240e-05	4.8778e-07
7		01		1.0000e+00			8.5114e-04		2.1320e-05	4.6690e-07
7		01		1.0000e+00			1.0965e-03		2.3421e-05	5.0825e-07
7		01		1.0000e+00			1.4125e-03		2.5160e-05	5.4094e-07
7		01		1.0000e+00			1.8197e-03		2.7120e-05	5.4783e-07
7		01		1.0000e+00			2.3442e-03		2.8542e-05	5.8226e-07
7		01		1.0000e+00			3.0199e-03		3.1155e-05	5.8884e-07
7		01		1.0000e+00			3.8905e-03		3.4511e-05	6.4535e-07
7		01		1.0000e+00			5.0119e-03		3.6840e-05	6.8523e-07
7		01		1.0000e+00			6.4565e-03		4.0890e-05	7.1558e-07
7		01		1.0000e+00			8.3176e-03		4.3976e-05	7.6078e-07
7		01		1.0000e+00			1.0715e-02		4.8582e-05	7.9675e-07
7		01		1.0000e+00			1.3804e-02		5.2814e-05	8.1334e-07
7		01		1.0000e+00			1.7783e-02		5.7522e-05	8.3406e-07
7		01		1.0000e+00			2.2909e-02		6.4276e-05	8.8701e-07
7		01		1.0000e+00			2.9512e-02		7.0841e-05	8.9259e-07
7		01		1.0000e+00			3.8019e-02		7.8984e-05	9.7150e-07
7		01		1.0000e+00			4.8978e-02		8.8816e-05	9.9474e-07
7		01		1.0000e+00			6.3096e-02		1.0259e-04	1.0669e-06
7		01		1.0000e+00			8.1283e-02		1.2004e-04	1.1404e-06
7		01		1.0000e+00			1.0471e-01		1.4294e-04	1.2292e-06
7		01		1.0000e+00			1.3490e-01		1.6638e-04	1.2645e-06
7		01		1.0000e+00			1.7378e-01		2.0106e-04	1.3270e-06
7		01		1.0000e+00			2.2387e-01		2.5169e-04	1.4347e-06
7		01		1.0000e+00			2.8840e-01		3.2163e-04	1.5438e-06
7		01		1.0000e+00			3.7154e-01		3.6158e-04	1.5909e-06
7		01		1.0000e+00			4.7863e-01		5.1529e-04	1.7004e-06
7		01		1.0000e+00			6.1660e-01		1.0146e-03	2.3336e-06
7		01		1.0000e+00			7.9433e-01		5.5212e-03	6.0733e-06
7		01		1.0000e+00			1.0233e+00		0.0000e+00	0.0000e+00
7		01		1.0000e+00			1.3183e+00		0.0000e+00	0.0000e+00
7		01		1.0000e+00			1.6982e+00		0.0000e+00	0.0000e+00
7		01		1.0000e+00			2.1878e+00		0.0000e+00	0.0000e+00
7		01		1.0000e+00			2.8184e+00		0.0000e+00	0.0000e+00
7		01		1.0000e+00			3.6308e+00		0.0000e+00	0.0000e+00
7		01		1.0000e+00			4.6773e+00		0.0000e+00	0.0000e+00
7		01		1.0000e+00			6.0256e+00		0.0000e+00	0.0000e+00
7		01		1.0000e+00			7.7625e+00		0.0000e+00	0.0000e+00
8		01		1.0000e+00			-1.0000e+00		0.0000e+00	0.0000e+00
8		01		1.0000e+00			1.0000e-10		0.0000e+00	0.0000e+00
8		01		1.0000e+00			1.2882e-10		0.0000e+00	0.0000e+00
8		01		1.0000e+00			1.6596e-10		0.0000e+00	0.0000e+00
8		01		1.0000e+00			2.1380e-10		0.0000e+00	0.0000e+00
8		01		1.0000e+00			2.7542e-10		0.0000e+00	0.0000e+00
8		01		1.0000e+00			3.5481e-10		0.0000e+00	0.0000e+00
8		01		1.0000e+00			4.5709e-10		0.0000e+00	0.0000e+00
8		01		1.0000e+00			5.8884e-10		0.0000e+00	0.0000e+00
8		01		1.0000e+00			7.5858e-10		1.7903e-08	1.7903e-08
8		01		1.0000e+00			9.7724e-10		0.0000e+00	0.0000e+00
8		01		1.0000e+00			1.2589e-09		1.0660e-08	1.0660e-08
8		01		1.0000e+00			1.6218e-09		1.8313e-08	8.4314e-09
8		01		1.0000e+00			2.0893e-09		1.7039e-08	7.8057e-09
8		01		1.0000e+00			2.6915e-09		3.4294e-08	1.2538e-08
8		01		1.0000e+00			3.4674e-09		5.0172e-08	2.1007e-08
8		01		1.0000e+00			4.4668e-09		1.0350e-07	2.7738e-08
8		01		1.0000e+00			5.7544e-09		2.6392e-07	6.8724e-08
8		01		1.0000e+00			7.4131e-09		2.5049e-07	3.9829e-08
8		01		1.0000e+00			9.5499e-09		4.7568e-07	8.0818e-08
8		01		1.0000e+00			1.2303e-08		3.7322e-07	5.1728e-08
8		01		1.0000e+00			1.5849e-08		7.7621e-07	1.0230e-07
8		01		1.0000e+00			2.0417e-08		1.0061e-06	1.0644e-07
8		01		1.0000e+00			2.6303e-08		1.2788e-06	1.1484e-07
8		01		1.0000e+00			3.3884e-08		1.4069e-06	1.1255e-07
8		01		1.0000e+00			4.3652e-08		1.8528e-06	1.4340e-07
8		01		1.0000e+00			5.6234e-08		1.8841e-06	1.5016e-07
8		01		1.0000e+00			7.2444e-08		1.6909e-06	1.1177e-07
8		01		1.0000e+00			9.3325e-08		1.5512e-06	1.2394e-07
8		01		1.0000e+00			1.2023e-07		1.3632e-06	1.2283e-07
8		01		1.0000e+00			1.5488e-07		1.3010e-06	1.3349e-07
8		01		1.0000e+00			1.9953e-07		1.1215e-06	8.2770e-08
8		01		1.0000e+00			2.5704e-07		1.4740e-06	1.3119e-07
8		01		1.0000e+00			3.3113e-07		1.6508e-06	1.7762e-07
8		01		1.0000e+00			4.2658e-07		1.4354e-06	1.0823e-07
8		01		1.0000e+00			5.4954e-07		1.4803e-06	1.2567e-07
8		01		1.0000e+00			7.0795e-07		1.5086e-06	1.1284e-07
8		01		1.0000e+00			9.1201e-07		1.9500e-06	1.5619e-07
8		01		1.0000e+00			1.1749e-06		1.7223e-06	1.0833e-07
8		01		1.0000e+00			1.5136e-06		2.0084e-06	1.4059e-07
8		01		1.0000e+00			1.9498e-06		2.0738e-06	1.5388e-07
8		01		1.0000e+00			2.5119e-06		2.1840e-06	1.2383e-07
8		01		1.0000e+00			3.2359e-06		2.3521e-06	1.4747e-07
8		01		1.0000e+00			4.1687e-06		2.5575e-06	1.3453e-07
8		01		1.0000e+00			5.3703e-06		2.9548e-06	1.5808e-07
8		01		1.0000e+00			6.9183e-06		3.0727e-06	1.6193e-07
8		01		1.0000e+00			8.9125e-06		3.0720e-06	1.6128e-07
8		01		1.0000e+00			1.1482e-05		4.0136e-06	2.0429e-07
8		01		1.0000e+00			1.4791e-05		3.9739e-06	2.1380e-07
8		01		1.0000e+00			1.9055e-05		4.3552e-06	2.3126e-07
8		01		1.0000e+00			2.4547e-05		4.7440e-06	2.1490e-07
8		01		1.0000e+00			3.1623e-05		4.9992e-06	2.3596e-07
8		01		1.0000e+00			4.0738e-05		5.6743e-06	2.4683e-07
8		01		1.0000e+00			5.2481e-05		5.3226e-06	2.0598e-07
8		01		1.0000e+00			6.7608e-05		6.1261e-06	2.4872e-07
8		01		1.0000e+00			8.7096e-05		6.9935e-06	2.7205e-07
8		01		1.0000e+00			1.1220e-04		6.9027e-06	2.5609e-07
8		01		1.0000e+00			1.4454e-04		7.4078e-06	2.5409e-07
8		01		1.0000e+00			1.8621e-04		8.0078e-06	2.6906e-07
8		01		1.0000e+00			2.3988e-04		8.4030e-06	2.7310e-07
8		01		1.0000e+00			3.0903e-04		9.5388e-06	2.8712e-07
8		01		1.0000e+00			3.9811e-04		1.0579e-05	3.2900e-07
8		01		1.0000e+00			5.1286e-04		1.0346e-05	2.8347e-07
8		01		1.0000e+00			6.6069e-04		1.1602e-05	3.2949e-07
8		01		1.0000e+00			8.5114e-04		1.2242e-05	3.2320e-07
8		01		1.0000e+00			1.0965e-03		1.3647e-05	3.8484e-07
8		01		1.0000e+00			1.4125e-03		1.4515e-05	3.8029e-07
8		01		1.0000e+00			1.8197e-03		1.5453e-05	3.6777e-07
8		01		1.0000e+00			2.3442e-03		1.7835e-05	4.4230e-07
8		01		1.0000e+00			3.0199e-03		1.9017e-05	4.6781e-07
8		01		1.0000e+00			3.8905e-03		1.9746e-05	4.6008e-07
8		01		1.0000e+00			5.0119e-03		2.2154e-05	4.8518e-07
8		01		1.0000e+00			6.4565e-03		2.4022e-05	5.1406e-07
8		01		1.0000e+00			8.3176e-03		2.6669e-05	5.7072e-07
8		01		1.0000e+00			1.0715e-02		2.8244e-05	5.5075e-07
8		01		1.0000e+00			1.3804e-02		3.0545e-05	5.5898e-07
8		01		1.0000e+00			1.7783e-02		3.3964e-05	6.0457e-07
8		01		1.0000e+00			2.2909e-02		3.8327e-05	6.5923e-07
8		01		1.0000e+00			2.9512e-02		4.0979e-05	6.4336e-07
8		01		1.0000e+00			3.8019e-02		4.6085e-05	6.8205e-07
8		01		1.0000e+00			4.8978e-02		5.2545e-05	7.2513e-07
8		01		1.0000e+00			6.3096e-02		6.1104e-05	7.7602e-07
8		01		1.0000e+00			8.1283e-02		7.1580e-05	8.3749e-07
8		01		1.0000e+00			1.0471e-01		8.2005e-05	8.5285e-07
8		01		1.0000e+00			1.3490e-01		9.7086e-05	8.9319e-07
8		01		1.0000e+00			1.7378e-01		1.1702e-04	9.5960e-07
8		01		1.0000e+00			2.2387e-01		1.4496e-04	1.0147e-06
8		01		1.0000e+00			2.8840e-01		1.8822e-04	1.1105e-06
8		01		1.0000e+00			3.7154e-01		2.1182e-04	1.1015e-06
8		01		1.0000e+00			4.7863e-01		3.0687e-04	1.2582e-06
8		01		1.0000e+00			6.1660e-01		5.9154e-04	1.7155e-06
8		01		1.0000e+00			7.9433e-01		3.2037e-03	4.1648e-06
8		01		1.0000e+00			1.0233e+00		0.0000e+00	0.0000e+00
8		01		1.0000e+00			1.3183e+00		0.0000e+00	0.0000e+00
8		01		1.0000e+00			1.6982e+00		0.0000e+00	0.0000e+00
8		01		1.0000e+00			2.1878e+00		0.0000e+00	0.0000e+00
8		01		1.0000e+00			2.8184e+00		0.0000e+00	0.0000e+00
8		01		1.0000e+00			3.6308e+00		0.0000e+00	0.0000e+00
8		01		1.0000e+00			4.6773e+00		0.0000e+00	0.0000e+00
8		01		1.0000e+00			6.0256e+00		0.0000e+00	0.0000e+00
8		01		1.0000e+00			7.7625e+00		0.0000e+00	0.0000e+00
9		01		1.0000e+00			-1.0000e+00		0.0000e+00	0.0000e+00
9		01		1.0000e+00			1.0000e-10		0.0000e+00	0.0000e+00
9		01		1.0000e+00			1.2882e-10		0.0000e+00	0.0000e+00
9		01		1.0000e+00			1.6596e-10		0.0000e+00	0.0000e+00
9		01		1.0000e+00			2.1380e-10		0.0000e+00	0.0000e+00
9		01		1.0000e+00			2.7542e-10		0.0000e+00	0.0000e+00
9		01		1.0000e+00			3.5481e-10		0.0000e+00	0.0000e+00
9		01		1.0000e+00			4.5709e-10		0.0000e+00	0.0000e+00
9		01		1.0000e+00			5.8884e-10		2.6712e-09	2.6712e-09
9		01		1.0000e+00			7.5858e-10		5.1732e-09	5.1732e-09
9		01		1.0000e+00			9.7724e-10		2.4380e-09	2.4380e-09
9		01		1.0000e+00			1.2589e-09		4.9602e-09	3.5093e-09
9		01		1.0000e+00			1.6218e-09		2.7515e-09	2.7515e-09
9		01		1.0000e+00			2.0893e-09		1.4214e-08	8.5927e-09
9		01		1.0000e+00			2.6915e-09		3.1748e-08	1.7039e-08
9		01		1.0000e+00			3.4674e-09		7.8675e-08	5.0950e-08
9		01		1.0000e+00			4.4668e-09		4.8633e-08	1.6574e-08
9		01		1.0000e+00			5.7544e-09		1.0469e-07	2.2206e-08
9		01		1.0000e+00			7.4131e-09		9.6013e-08	2.2294e-08
9		01		1.0000e+00			9.5499e-09		2.0175e-07	3.2422e-08
9		01		1.0000e+00			1.2303e-08		2.6101e-07	5.9981e-08
9		01		1.0000e+00			1.5849e-08		4.2026e-07	6.7410e-08
9		01		1.0000e+00			2.0417e-08		5.2879e-07	6.4196e-08
9		01		1.0000e+00			2.6303e-08		6.0921e-07	5.5926e-08
9		01		1.0000e+00			3.3884e-08		6.6302e-07	6.1926e-08
9		01		1.0000e+00			4.3652e-08		8.8234e-07	9.7674e-08
9		01		1.0000e+00			5.6234e-08		1.0193e-06	9.2654e-08
9		01		1.0000e+00			7.2444e-08		8.5329e-07	8.2172e-08
9		01		1.0000e+00			9.3325e-08		9.8540e-07	1.0642e-07
9		01		1.0000e+00			1.2023e-07		7.5337e-07	8.7315e-08
9		01		1.0000e+00			1.5488e-07		7.0328e-07	7.9892e-08
9		01		1.0000e+00			1.9953e-07		7.4889e-07	7.2043e-08
9		01		1.0000e+00			2.5704e-07		7.3129e-07	7.3861e-08
9		01		1.0000e+00			3.3113e-07		8.5746e-07	7.6914e-08
9		01		1.0000e+00			4.2658e-07		7.2282e-07	6.6428e-08
9		01		1.0000e+00			5.4954e-07		1.1320e-06	1.3075e-07
9		01		1.0000e+00			7.0795e-07		9.9487e-07	9.0632e-08
9		01		1.0000e+00			9.1201e-07		1.0256e-06	1.0020e-07
9		01		1.0000e+00			1.1749e-06		1.0350e-06	9.1598e-08
9		01		1.0000e+00			1.5136e-06		1.0957e-06	1.0058e-07
9		01		1.0000e+00			1.9498e-06		1.1287e-06	8.7704e-08
9		01		1.0000e+00			2.5119e-06		1.3694e-06	1.2366e-07
9		01		1.0000e+00			3.2359e-06		1.4556e-06	1.1499e-07
9		01		1.0000e+00			4.1687e-06		1.6346e-06	1.3780e-07
9		01		1.0000e+00			5.3703e-06		1.5961e-06	1.0343e-07
9		01		1.0000e+00			6.9183e-06		1.8621e-06	1.1005e-07
9		01		1.0000e+00			8.9125e-06		2.2261e-06	1.6362e-07
9		01		1.0000e+00			1.1482e-05		2.0935e-06	1.2917e-07
9		01		1.0000e+00			1.4791e-05		2.3235e-06	1.5544e-07
9		01		1.0000e+00			1.9055e-05		2.4240e-06	1.3938e-07
9		01		1.0000e+00			2.4547e-05		2.9692e-06	1.7756e-07
9		01		1.0000e+00			3.1623e-05		2.8554e-06	1.7703e-07
9		01		1.0000e+00			4.0738e-05		2.9988e-06	1.4694e-07
9		01		1.0000e+00			5.2481e-05		3.0456e-06	1.5045e-07
9		01		1.0000e+00			6.7608e-05		3.4547e-06	1.5615e-07
9		01		1.0000e+00			8.7096e-05		4.0426e-06	1.7949e-07
9		01		1.0000e+00			1.1220e-04		4.0679e-06	1.7777e-07
9		01		1.0000e+00			1.4454e-04		4.5217e-06	2.0122e-07
9		01		1.0000e+00			1.8621e-04		4.6392e-06	2.0969e-07
9		01		1.0000e+00			2.3988e-04		5.1059e-06	2.2721e-07
9		01		1.0000e+00			3.0903e-04		5.2667e-06	1.9592e-07
9		01		1.0000e+00			3.9811e-04		5.7892e-06	2.1073e-07
9		01		1.0000e+00			5.1286e-04		6.4366e-06	2.4073e-07
9		01		1.0000e+00			6.6069e-04		6.6045e-06	2.2720e-07
9		01		1.0000e+00			8.5114e-04		7.2683e-06	2.4858e-07
9		01		1.0000e+00			1.0965e-03		8.3813e-06	3.0424e-07
9		01		1.0000e+00			1.4125e-03		8.5321e-06	2.7218e-07
9		01		1.0000e+00			1.8197e-03		9.0785e-06	2.8234e-07
9		01		1.0000e+00			2.3442e-03		1.0121e-05	3.1880e-07
9		01		1.0000e+00			3.0199e-03		1.1196e-05	3.3476e-07
9		01		1.0000e+00			3.8905e-03		1.1420e-05	3.1861e-07
9		01		1.0000e+00			5.0119e-03		1.3212e-05	3.8713e-07
9		01		1.0000e+00			6.4565e-03		1.4337e-05	3.9427e-07
9		01		1.0000e+00			8.3176e-03		1.4776e-05	3.8564e-07
9		01		1.0000e+00			1.0715e-02		1.6812e-05	4.1527e-07
9		01		1.0000e+00			1.3804e-02		1.8465e-05	4.3023e-07
9		01		1.0000e+00			1.7783e-02		1.9586e-05	4.4069e-07
9		01		1.0000e+00			2.2909e-02		2.1448e-05	4.3111e-07
9		01		1.0000e+00			2.9512e-02		2.3699e-05	4.7398e-07
9		01		1.0000e+00			3.8019e-02		2.7392e-05	4.9306e-07
9		01		1.0000e+00			4.8978e-02		3.0799e-05	5.3283e-07
9		01		1.0000e+00			6.3096e-02		3.3816e-05	5.4444e-07
9		01		1.0000e+00			8.1283e-02		4.1277e-05	6.0677e-07
9		01		1.0000e+00			1.0471e-01		4.8363e-05	6.5290e-07
9		01		1.0000e+00			1.3490e-01		5.6763e-05	6.6413e-07
9		01		1.0000e+00			1.7378e-01		6.8648e-05	7.0707e-07
9		01		1.0000e+00			2.2387e-01		8.4194e-05	7.3249e-07
9		01		1.0000e+00			2.8840e-01		1.0763e-04	7.9648e-07
9		01		1.0000e+00			3.7154e-01		1.2278e-04	8.1035e-07
9		01		1.0000e+00			4.7863e-01		1.7980e-04	9.1698e-07
9		01		1.0000e+00			6.1660e-01		3.2662e-04	1.2085e-06
9		01		1.0000e+00			7.9433e-01		1.8572e-03	2.9715e-06
9		01		1.0000e+00			1.0233e+00		0.0000e+00	0.0000e+00
9		01		1.0000e+00			1.3183e+00		0.0000e+00	0.0000e+00
9		01		1.0000e+00			1.6982e+00		0.0000e+00	0.0000e+00
9		01		1.0000e+00			2.1878e+00		0.0000e+00	0.0000e+00
9		01		1.0000e+00			2.8184e+00		0.0000e+00	0.0000e+00
9		01		1.0000e+00			3.6308e+00		0.0000e+00	0.0000e+00
9		01		1.0000e+00			4.6773e+00		0.0000e+00	0.0000e+00
9		01		1.0000e+00			6.0256e+00		0.0000e+00	0.0000e+00
9		01		1.0000e+00			7.7625e+00		0.0000e+00	0.0000e+00
